! 1 6
" 8 7
# 16 10
$ 27 10
% 38 11
& 50 11
\ 62 4
( 67 6
) 74 6
* 81 10
+ 92 8
, 101 4
- 106 9
. 116 4
/ 121 8
0 130 8
1 139 6
2 146 8
3 155 8
4 164 9
5 174 8
6 183 8
7 192 8
8 201 8
9 210 8
: 219 4
; 224 4
< 229 9
= 239 7
> 247 9
? 257 8
@ 266 10
A 277 8
B 286 8
C 295 8
D 304 9
E 314 8
F 323 8
G 332 8
H 341 8
I 350 6
J 357 9
K 367 8
L 376 8
M 385 10
N 396 9
O 406 8
P 415 8
Q 424 9
R 434 9
S 444 8
T 453 8
U 462 8
V 471 8
W 480 10
X 491 9
Y 501 8
Z 510 8
[ 519 6
\ 526 8
] 535 6
^ 542 11
_ 554 8
` 563 6
a 570 8
b 579 8
c 588 8
d 597 8
e 606 8
f 615 7
g 623 8
h 632 8
i 641 6
j 648 6
k 655 8
l 664 5
m 670 10
n 681 8
o 690 8
p 699 8
q 708 9
r 718 8
s 727 8
t 736 8
u 745 8
v 754 9
w 763 10
x 774 8
y 783 8
z 792 8
{ 801 7
| 809 4
} 814 7
~ 822 9